% https://davidmathlogic.com/colorblind/#%23D81B60-%231E88E5-%23FFC107-%23004D40
IBM = [100 143 255;
    120 94 240
    220 38 127
    254 97 0
    255 176 0]./255;

Wong = [0 0 0
    230 159 0
    86 180 233
    0 158 115
    240 228 66
    0 114 178
    213 94 0
    204 121 167]./255;

Tol = [51 34 136
    17 119 51
    68 170 153
    136 204 238
    221 204 119
    204 102 119
    170 68 153
    136 34 85]./255;

Duo = [255 194 10 12 123 220;
    153 79 0 0 108 209;
    225 190 106 64 176 166;
    230 97 0 93 58 155;
    26 255 26 75 0 146;
    254 254 98 211 95 183;
    0 90 181 220 50 32;
    26 133 255 212 17 89]./255;